0.100688 1.933092
0.210774 0.022102
0.311694 0.009417
0.421334 0.017278
0.530442 0.012262
0.630482 0.012758
0.730564 0.013653
0.831470 0.010512
0.942108 0.014762
1.050548 0.014848
1.160465 0.014756
1.270582 0.008355
1.371025 0.010707
1.471580 0.016538
1.580457 0.028670
1.680755 0.011063
1.790530 0.010935
1.892248 0.007847
2.001181 0.009791
2.101250 0.019748
2.202128 0.013335
2.310107 0.015709
2.411301 0.011013
2.520581 0.014943
2.630549 0.009984
2.730895 0.013003
2.831255 0.008678
2.940658 0.005114
3.051649 0.014909
3.152365 0.012036
3.260246 0.014421
3.361885 0.012002
3.462533 0.013308
3.562551 0.007921
3.672063 0.013894
3.780303 0.022010
3.880558 0.014562
3.980697 0.009538
4.090461 0.007792
4.191150 0.013007
4.300630 0.014748
4.400665 0.013260
4.510383 0.012216
4.610457 0.014449
4.710764 0.016870
4.820243 0.008406
4.930766 0.013462
5.040134 0.011173
5.141605 0.014617
5.250579 0.009102
5.350876 0.013331
5.460248 0.009474
5.570796 0.012665
5.681064 0.011456
5.790143 0.011832
5.890295 0.010763
6.000113 0.014699
6.101056 0.008461
6.210630 0.011698
6.320433 0.010221
6.420766 0.006618
6.520854 0.016415
6.630363 0.009197
6.740373 0.008500
6.841227 0.012779
6.950819 0.010822
7.051881 0.007610
7.160430 0.007334
7.260526 0.008373
7.370477 0.011126
7.470712 0.011863
7.580151 0.005825
7.680900 0.015541
7.790593 0.013802
7.901399 0.018478
8.011452 0.017170
8.120754 0.016144
8.230583 0.011009
8.331682 0.011974
8.440638 0.009279
8.540998 0.012469
8.650219 0.010226
8.750607 0.008668
8.860667 0.010494
8.960797 0.011870
9.070286 0.007858
9.170765 0.014058
9.280517 0.014810
9.381174 0.009751
9.481337 0.017583
9.590970 0.012792
9.691997 0.015961
9.800263 0.015737
9.901062 0.016393
10.001935 0.010610
10.110359 0.011653
10.210609 0.009162
10.310947 0.016132
10.421023 0.007114
10.530250 0.016958
10.632620 0.007461
10.740440 0.010481
10.841926 0.006815
10.950557 0.018631
11.060942 0.017632
11.171837 0.017001
11.281644 0.129737
11.382234 0.134888
11.491640 0.108085
11.591762 0.128594
11.701189 0.273544
11.801926 0.068167
11.911717 0.334490
12.021840 0.237641
12.130906 0.365243
12.232457 0.110057
12.341713 0.195516
12.442369 0.178040
12.552114 0.258432
12.660462 0.318886
12.761995 0.185191
12.871056 0.230139
12.972458 0.249372
13.073115 0.202144
13.182106 0.255742
13.283081 1.193637
13.392739 2.614418
13.500738 3.150115
13.601371 2.567830
13.710791 2.038603
13.811817 1.690763
13.921411 1.289330
14.032811 1.080371
14.140828 0.900680
14.250431 0.735943
14.350821 0.664338
14.451395 0.580156
14.561454 0.536171
14.661546 0.488768
14.771391 0.473052
14.880781 0.459265
14.980970 0.445160
15.091485 0.419613
15.203020 0.408923
15.310479 0.415150
15.410557 0.406635
15.510564 0.436413
15.610627 0.433910
15.710634 0.425842
15.820656 0.417017
15.931114 0.405075
16.040762 0.483128
16.150647 0.701965
16.260783 0.639663
16.370613 0.581620
16.471015 0.552835
16.580892 0.508396
16.681044 0.477874
16.790814 0.447340
16.891477 0.429929
16.992239 0.428755
17.102124 0.444862
17.210592 0.403535
17.311468 0.375270
17.420619 0.396372
17.522532 0.391916
17.630860 0.421155
17.741087 0.399741
17.841216 0.376891
17.951637 0.413325
18.060776 0.425441
18.170639 0.418216
18.270716 0.403216
18.371839 0.387121
18.480949 0.410183
18.590467 0.393531
18.690510 0.387753
18.791500 0.392712
18.900763 0.411538
19.010448 0.411131
19.110895 0.421814
19.211018 0.398086
19.322297 0.413457
19.430793 0.424090
19.540754 0.412792
19.650504 0.378491
19.750601 0.425612
19.850668 0.413590
19.950864 0.407686
20.051884 0.430358
20.161394 0.391828
20.271015 0.417607
20.371240 0.396807
20.482287 0.397779
20.590766 0.414950
20.700591 0.397013
20.801919 0.394669
20.910757 0.434890
21.020764 0.380145
21.121555 0.359227
21.230476 0.398932
21.330873 0.367784
21.441051 0.377106
21.551344 0.393097
21.660941 0.458453
21.761518 0.427827
21.870665 0.429112
21.971036 0.412139
22.082131 0.404685
22.190615 0.415030
22.292430 0.435101
22.400668 0.376012
22.501030 0.415353
22.601405 0.397676
22.702025 0.426785
22.811442 0.366413
22.921610 0.647688
23.023350 0.471000
23.131194 0.474426
23.242214 0.394226
23.352203 0.408194
23.461074 0.414663
23.562354 0.444019
23.672252 0.395021
23.772606 0.513287
23.880955 1.061217
23.991033 0.414730
24.091452 0.416955
24.201518 0.401069
24.303008 0.446991
24.411197 0.419402
24.521162 0.389122
24.631313 0.423645
24.741357 0.437037
24.850862 0.426086
24.952304 0.353636
25.061780 0.399266
25.171418 0.377101
25.280354 0.438992
25.380608 0.415563
25.480610 0.418536
25.580674 0.415787
25.681073 0.383630
25.791751 0.404047
25.900878 0.418558
26.002454 0.383517
26.110526 0.383658
26.221047 0.374397
26.330453 0.386409
26.431498 0.515745
26.541486 0.445210
26.650570 0.378182
26.750938 0.365798
26.851185 0.418291
26.962180 0.418744
27.071068 0.403609
27.182200 0.330237
27.291233 0.447669
27.391910 0.503213
27.492864 0.373520
27.601665 0.389026
27.702156 0.487731
27.811709 0.495510
27.921416 0.393548
28.021920 0.421842
28.131869 0.462298
28.240706 0.437251
28.340741 0.362510
28.442849 0.396668
28.551547 0.411290
28.661481 0.430030
28.771018 0.400244
28.881622 0.405981
28.990642 0.415472
29.090841 0.382427
29.201745 0.400385
29.310619 0.411739
29.411024 0.411892
29.520766 0.426796
29.631580 0.383333
29.741070 0.403566
29.851937 0.365387
29.961901 0.373237
30.070616 0.369084
30.171529 0.387779
30.281042 0.389999
30.381384 0.347917
30.481871 0.292182
30.591073 0.389722
30.700773 0.450407
30.810481 0.464699
30.910644 0.437015
31.020863 0.459099
31.121705 0.436991
31.232512 0.442078
31.340961 0.434975
31.450595 0.430682
31.550794 0.413819
31.660586 0.411570
31.762455 0.404104
31.870778 0.387748
31.980661 0.397073
32.080671 0.499906
32.180690 0.354799
32.280805 0.350255
32.390801 0.389453
32.491051 0.391454
32.600710 0.413442
32.702433 0.392358
32.803865 0.456783
32.910843 0.413881
33.011864 0.596511
33.120825 0.391661
33.220887 0.416901
33.330584 0.406334
33.431432 0.408260
33.532248 0.408613
33.640753 0.431212
33.742026 0.424482
33.851313 0.412041
33.962314 0.386930
34.070840 0.363971
34.172160 0.347286
34.280752 0.375280
34.390632 0.411048
34.490809 0.415705
34.590834 0.410886
34.690860 0.410195
34.791184 0.414285
34.900913 0.384561
35.011485 0.410070
35.120683 0.411341
35.230503 0.399782
35.330912 0.399077
35.440745 0.411015
35.541486 0.388915
35.650805 0.397295
35.751507 0.383916
35.852351 0.374822
35.960711 0.420093
36.060847 0.418597
36.160882 0.417971
36.261041 0.400861
36.370672 0.403324
36.471017 0.392923
36.582183 0.402974
36.691923 0.384217
36.801510 0.405322
36.901801 0.364764
37.011229 0.377932
37.120898 0.430619
37.231145 0.377531
37.341701 0.414225
37.450715 0.400862
37.551725 0.418405
37.662095 0.407952
37.763261 0.413545
37.870866 0.422413
37.971540 0.371735
38.073280 0.370828
38.180969 0.424409
38.281555 0.416096
38.391340 0.387376
38.491400 0.387506
38.591663 0.394451
38.700598 0.398746
38.801031 0.390538
38.911155 0.401792
39.011292 0.413855
39.120752 0.396033
39.221142 0.431927
39.330883 0.384627
39.440311 0.420938
39.541409 0.362300
39.641837 0.426214
39.750283 0.408046
39.851125 0.408630
39.960365 0.390636
40.061925 0.386868
40.170593 0.382515
40.271346 0.450323
40.380842 0.399242
40.490486 0.401277
40.590748 0.425693
40.701183 0.397017
40.801267 0.382977
40.910836 0.386033
41.011113 0.414667
41.111897 0.399814
41.220450 0.400474
41.321450 0.387793
41.432128 0.404886
41.540571 0.357019
41.641715 0.407718
41.752276 0.378122
41.860393 0.423769
41.962057 0.492055
42.071176 0.351080
42.182376 0.402918
42.291019 0.390904
42.391642 0.508679
42.492070 0.502818
42.592678 0.422368
42.700897 0.455140
42.802085 0.381678
42.911255 0.393328
43.011686 0.414381
43.122330 0.416124
43.231389 0.409619
43.343275 0.320255
44.481627 0.423443
44.582048 0.483292
44.692639 0.369312
44.802872 0.415503
44.910608 0.381396
45.010884 0.408437
45.111394 0.386214
45.221079 0.428811
45.321914 0.413414
45.421995 0.378648
45.531650 0.373841
45.641055 0.378493
45.750618 0.385634
45.851214 0.370279
45.951954 0.392757
46.060981 0.407285
46.162416 0.421320
46.263045 0.419122
46.370842 0.434359
46.480852 0.413523
46.581669 0.396253
46.682440 0.390285
46.790726 0.398136
46.900883 0.391754
47.001227 0.387624
47.110959 0.414031
47.212004 0.393383
47.312327 0.381708
47.420586 0.399718
47.520702 0.399594
47.620871 0.384684
47.720990 0.427799
47.831021 0.424727
47.931067 0.387748
48.040955 0.397671
48.150719 0.404485
48.250927 0.403639
48.361987 0.400748
48.462688 0.399415
48.571333 0.389529
48.681909 0.337606
48.791598 0.457494
48.900843 0.427524
49.011012 0.387443
49.111810 0.378034
49.220912 0.394861
49.322261 0.389908
49.431126 0.408930
49.540914 0.403643
49.652467 0.390269
49.752509 0.434202
49.862249 0.382651
49.971624 0.395872
50.080672 0.405645
50.191414 0.360508
50.300624 0.256546
50.400696 0.162894
50.500776 0.180740
50.600924 0.200966
50.701482 0.084769
50.812315 0.149647
50.920838 0.134801
51.030795 0.193746
51.131572 0.124854
51.232244 0.079511
51.340764 0.208305
51.450776 0.163004
51.561772 0.087594
51.661931 0.155099
51.771475 0.166425
51.872247 0.080371
51.980897 0.133633
52.080967 0.127847
52.191696 0.157067
52.301161 0.260222
52.411213 0.046587
52.511294 0.057362
52.611465 0.043828
52.720903 0.044637
52.822160 0.044218
52.932762 0.120778
53.040986 0.193180
53.141777 0.133204
53.251372 0.090020
53.351674 0.091355
53.462086 0.076096
53.571102 0.115292
53.671140 0.175215
53.771388 0.148245
53.881105 0.083472
53.991517 0.103261
54.092612 0.073452
54.194201 0.133853
54.302199 0.167835
54.412102 0.079224
54.512866 0.085722
54.620993 0.070204
54.721820 0.072054
54.833111 0.086319
54.941574 0.150950
55.051275 0.086311
55.161503 0.061336
55.261702 0.111613
55.371287 0.096394
55.482450 0.064544
55.591247 0.109139
55.692682 0.080822
55.800972 0.104174
55.902704 0.077077
56.013409 0.090412
56.121167 0.078081
56.222233 0.080985
56.331120 0.067797
56.431565 0.150050
56.541268 0.072794
56.642474 0.062112
56.751649 0.157412
56.861756 0.115228
56.971145 0.092331
57.072466 0.051556
57.181640 0.080351
57.281730 0.105469
57.392203 0.117917
57.501380 0.045969
57.602017 0.059275
57.711218 0.062197
57.822329 0.116083
57.931337 0.075002
58.042179 0.088932
58.152061 0.092947
58.261915 0.097298
58.371214 0.090664
58.481149 0.128730
58.581895 0.070206
58.691383 0.059921
58.801424 0.101438
58.912003 0.054343
59.012072 0.062820
59.121303 0.098091
59.221841 0.075127
59.331885 0.063056
59.441649 0.035968
59.551781 0.134299
59.662839 0.058091
59.771393 0.041211
59.873103 0.104995
59.981264 0.048800
60.082106 0.117816
60.192161 0.119745
60.301117 0.070639
60.401245 0.100550
60.502763 0.116972
60.611367 0.118779
60.714060 0.069834
60.821358 0.156761
60.922804 0.167384
61.031305 0.130634
61.131431 0.104060
61.232159 0.064359
61.341863 0.113450
61.442649 0.078520
61.551803 0.086883
61.662652 0.069690
61.771335 0.157623
61.881788 0.059631
