0.101284 0.080282
0.210487 0.019760
0.319420 0.016683
0.419763 0.017400
0.519970 0.011461
0.629680 0.012967
0.729916 0.019298
0.831265 0.014991
0.939711 0.012655
1.039802 0.015093
1.140695 0.010619
1.251516 0.016345
1.361121 0.015335
1.469737 0.014609
1.569912 0.013954
1.671456 0.019174
1.780094 0.028835
1.889891 0.016574
1.990115 0.019025
2.090136 0.025526
2.201546 0.018809
2.310554 0.010605
2.419947 0.020498
2.529832 0.019537
2.631824 0.014147
2.740487 0.018376
2.849688 0.018849
2.950280 0.013159
3.059846 0.016782
3.159931 0.020859
3.271161 0.009772
3.381715 0.022667
3.489699 0.009113
3.600918 0.018217
3.709672 0.020506
3.809784 0.024718
3.910120 0.016544
4.019763 0.017162
4.120075 0.013919
4.230529 0.020966
4.340082 0.023999
4.450291 0.021439
4.560528 0.019957
4.669778 0.010243
4.770227 0.016713
4.879789 0.011079
4.979808 0.020411
5.080059 0.015643
5.180521 0.018371
5.290074 0.010911
5.401399 0.012441
5.510288 0.018137
5.620496 0.018990
5.732082 0.016365
5.839723 0.025674
5.939922 0.018983
6.040124 0.017520
6.141664 0.010610
6.249802 0.015082
6.350926 0.014116
6.460853 0.014503
6.561211 0.017745
6.670276 0.020765
6.781630 0.009074
6.890259 0.015069
6.991286 0.017148
7.100873 0.019677
7.209823 0.017694
7.311630 0.008514
7.419902 0.014534
7.520994 0.013078
7.629963 0.027210
7.730295 0.009905
7.840053 0.028106
7.950579 0.015899
8.059750 0.013750
8.160534 0.012448
8.271674 0.009653
8.381566 0.011013
8.481610 0.011748
8.589418 0.017330
8.690363 0.024899
8.799927 0.011763
8.900761 0.017246
9.009690 0.016638
9.120685 0.016896
9.229802 0.019465
9.330867 0.015019
9.440741 0.015838
9.541699 0.014186
9.649728 0.025754
9.750764 0.015411
9.859790 0.014629
9.969862 0.012631
10.070243 0.028267
10.170480 0.018862
10.270621 0.013504
10.379869 0.020749
10.480127 0.016203
10.591937 0.015672
10.699934 0.009625
10.800151 0.015949
10.902479 0.016302
11.010000 0.017625
11.110056 0.012859
11.210260 0.024043
11.320571 0.122728
11.430528 0.216199
11.530595 0.118022
11.640002 0.153712
11.740622 0.141334
11.849934 0.136901
11.949950 0.201886
12.050254 0.248753
12.159971 0.103129
12.261325 0.083039
12.369803 0.179965
12.470026 0.194262
12.580271 0.166206
12.690112 0.152571
12.800011 0.080312
12.910656 0.154245
13.019631 0.300666
13.120011 0.196234
13.229913 0.511686
13.330081 2.047579
13.430955 2.981411
13.540280 2.997572
13.649931 2.371999
13.749961 1.922870
13.859828 1.476350
13.969479 1.205840
14.070068 0.998064
14.179932 0.814167
14.290405 0.715208
14.401509 0.602515
14.510202 0.567869
14.610286 0.513560
14.721290 0.453707
14.830228 0.452964
14.939171 0.426735
15.039896 0.416028
15.141158 0.382582
15.250070 0.385198
15.359494 0.370400
15.459804 0.324394
15.559878 0.343631
15.669545 0.369094
15.771367 0.304574
15.880544 0.468141
15.989921 0.285084
16.099736 0.168869
16.209471 0.076369
16.309877 0.078986
16.420982 0.180846
16.531674 0.231809
16.641210 0.288487
16.749948 0.330038
16.859377 0.357759
16.959910 0.377616
17.069491 0.377480
17.179651 0.387741
17.289498 0.389618
17.391121 0.372301
17.499949 0.395879
17.600581 0.353952
17.709441 0.342235
17.810396 0.369896
17.919587 0.468620
18.020601 0.356714
18.129692 0.412198
18.239681 0.431961
18.341486 0.403973
18.449559 0.414997
18.550566 0.386182
18.660759 0.404067
18.771213 0.401796
18.879447 0.397995
18.979551 0.411132
19.090705 0.393269
19.201865 0.418655
19.309685 0.425717
19.409816 0.394625
19.509896 0.400956
19.621149 0.423172
19.729420 0.412572
19.829694 0.422121
19.939590 0.390007
20.040005 0.383657
20.149458 0.368108
20.250663 0.377325
20.359601 0.409157
20.459702 0.395587
20.569762 0.381227
20.671363 0.321406
20.779521 0.355705
20.891012 0.378676
20.991521 0.379711
21.101453 0.388843
21.209793 0.432496
21.319591 0.406650
21.421990 0.390447
21.529777 0.404054
21.640105 0.402152
21.749608 0.402453
21.859920 0.418811
21.969442 0.401739
22.069635 0.435839
22.171250 0.405674
22.271265 0.386323
22.379752 0.380466
22.491784 0.365027
22.601276 0.389152
22.711013 0.376492
22.820807 0.371182
22.929254 0.385703
23.029592 0.410099
23.139725 0.398343
23.250629 0.412568
23.361393 0.418597
23.469488 0.444930
23.569849 0.436743
23.671339 0.401767
23.781215 0.433052
23.889652 0.410758
23.999375 0.395072
24.099856 0.414883
24.201270 0.427459
24.309582 0.402074
24.410548 0.407455
24.520084 0.401706
24.631037 0.406071
24.731661 0.398568
24.841710 0.382277
24.950155 0.397040
25.059086 0.409773
25.159091 0.361080
25.260720 0.340379
25.369206 0.265824
25.471238 0.246213
25.579176 0.245921
25.689167 0.273047
25.789184 0.227002
25.890028 0.348996
25.999125 0.294148
26.109124 0.380311
26.219157 0.301048
26.319857 0.360267
26.429154 0.377850
26.529193 0.300941
26.629243 0.341891
26.729338 0.453508
26.839329 0.321728
26.940493 0.367858
27.050087 0.446645
27.159120 0.559293
27.259406 0.462096
27.371226 0.357958
27.479244 0.353034
27.579331 0.260542
27.690444 0.187036
27.801024 0.209984
27.909305 0.438062
28.019310 0.354475
28.129149 0.266049
28.229963 0.236939
28.340471 0.330610
28.450163 0.263780
28.560953 0.606955
28.669922 0.623169
28.779191 0.716282
28.881003 0.573002
28.990853 0.482435
29.099240 0.391063
29.200497 0.279174
29.309586 0.241312
29.419056 0.157088
29.519352 0.120301
29.631125 0.094211
29.739742 0.081562
29.840546 0.046034
29.949137 0.047517
30.049426 0.150494
30.159164 0.248060
30.259282 0.232604
30.361116 0.150386
30.469020 0.858262
30.569474 0.946947
30.670208 1.021999
30.779325 0.882540
30.889249 0.640559
30.990642 0.485139
31.099519 0.440609
31.209412 0.420308
31.319090 0.308743
31.420455 0.524707
31.529266 0.483678
31.639065 0.457157
31.739469 0.524541
31.851249 0.466558
31.959718 0.550359
32.059897 0.426296
32.169088 0.495870
32.269599 0.397402
32.380783 0.522399
32.490371 0.464576
32.599368 0.351226
32.709200 0.417178
32.820420 0.302543
32.929138 0.390175
33.030995 0.396488
33.139165 0.444800
33.239280 0.405446
33.350103 0.443926
33.459248 0.391007
33.570219 0.415192
33.681236 0.366682
33.789154 0.426307
33.889253 0.354189
33.999284 0.409453
34.100425 0.279592
34.210660 0.224822
34.319273 0.179226
34.419470 0.127708
34.529150 0.078274
34.629186 0.161424
34.739352 0.212323
34.850178 0.157604
34.950555 0.157804
35.060492 0.744570
35.169390 0.684759
35.279226 0.687250
35.389157 0.701866
35.489301 0.548089
35.591146 0.551823
35.699386 0.458953
35.799388 0.377504
35.910184 0.260366
36.019592 0.349488
36.130340 0.375496
36.240461 0.273297
36.349113 0.207509
36.450771 0.118199
36.559163 0.099278
36.659275 0.071869
36.759304 0.042543
36.860124 0.068266
36.969134 0.062993
37.070226 0.084175
37.179413 0.497078
37.289194 0.511034
37.399200 0.383856
37.501230 0.295578
37.609448 0.179906
37.709656 0.165336
37.819505 0.138077
37.929697 0.230725
38.030109 0.197673
38.139905 0.148438
38.240008 0.108679
38.341102 0.201873
38.449474 0.628791
38.559223 0.563979
38.669153 0.668399
38.769207 1.238249
38.869309 1.185329
38.969430 0.932353
39.080986 0.728615
39.189110 0.518674
39.289623 0.618246
39.399184 0.578160
39.509228 0.428440
39.609482 0.404190
39.719129 0.478750
39.819175 0.530238
39.929129 0.435679
40.029684 0.322866
40.129757 0.246055
40.229759 0.564634
40.329794 0.667645
40.439550 0.678134
40.539724 0.570032
40.649905 0.650710
40.759985 0.560126
40.870240 0.453040
40.981203 0.520464
41.091072 0.525592
41.199776 0.431739
41.299997 0.360398
41.409981 0.435174
41.519965 0.481953
41.620500 0.471122
41.729860 0.383514
41.829946 0.385752
41.931352 0.392668
42.042108 0.421212
42.149719 0.370662
42.249810 0.297030
42.361706 0.364309
42.469641 0.363302
42.571159 0.330357
42.679795 0.458264
42.779880 0.471816
42.880123 0.374529
42.981570 0.433689
43.091823 0.420376
43.199863 0.475965
43.301372 0.437105
43.409840 0.437190
43.521335 0.396194
43.629912 0.432646
43.730014 0.311344
43.830732 0.291608
43.930800 0.327483
44.039995 0.287516
44.140946 0.274716
44.252301 0.193076
44.361790 0.358221
44.469811 0.378656
44.570967 0.390983
44.671585 0.344805
44.780795 0.411578
44.891201 0.468044
45.001525 0.493365
45.109517 0.528346
45.209728 0.497407
45.319573 0.476515
45.421640 0.445796
45.533338 0.392564
45.640844 0.418528
45.741174 0.362607
45.851899 0.380635
45.960822 0.449766
46.071529 0.393417
46.172760 0.403765
46.280854 0.420554
46.389617 0.376523
46.490130 0.352135
46.601261 0.385381
46.709690 0.404745
46.821124 0.402736
46.929187 0.386072
47.029883 0.383526
47.130852 0.340051
47.240538 0.384876
47.349811 0.391335
47.459968 0.396593
47.569563 0.415014
47.670081 0.419972
47.779917 0.413451
47.891252 0.414477
47.999920 0.429067
48.111382 0.401380
48.219645 0.429258
48.321967 0.399104
48.430389 0.432463
48.531187 0.420029
48.639676 0.439487
48.739950 0.431166
48.841426 0.403896
48.949624 0.414712
49.050093 0.399019
49.159868 0.418163
49.269535 0.411440
49.369591 0.416761
49.481868 0.382282
49.589793 0.402848
49.699848 0.378203
49.809723 0.395374
49.909778 0.406927
50.019636 0.377489
50.130039 0.358600
50.230574 0.266936
50.339656 0.208559
50.439762 0.135192
50.539879 0.100595
50.651216 0.076477
50.760694 0.063370
50.870922 0.031459
50.971701 0.056741
51.081387 0.042970
51.189823 0.069141
51.289919 0.058631
51.401524 0.078849
51.510056 0.042042
51.610572 0.065226
51.719878 0.065356
51.829877 0.035119
51.929916 0.075245
52.039787 0.067321
52.150123 0.061414
52.259657 0.060831
52.369690 0.049962
52.470569 0.069461
52.579671 0.077873
52.689871 0.059204
52.799784 0.083402
52.899862 0.103507
53.009524 0.114705
53.109605 0.280789
53.210060 0.316296
53.320030 0.358661
53.432186 0.376633
53.539943 0.272108
53.641468 0.301474
53.751307 0.329295
53.860462 0.482614
53.970313 0.583097
54.080563 0.682527
54.190215 0.682753
54.299877 0.653545
54.409848 0.587500
54.519983 0.480412
54.620110 0.250172
54.721580 0.455286
54.829938 0.516625
54.939794 0.499706
55.039889 0.367728
55.140052 0.525392
55.250086 0.494060
55.359925 0.621348
55.460131 0.557326
55.560507 0.697466
55.660750 0.387264
55.761008 0.631862
55.871765 0.782655
55.980531 0.545017
56.089851 0.513688
56.190525 0.529105
56.291587 0.663903
56.399916 0.550037
56.500018 0.816495
56.609514 0.387394
56.709716 0.747065
56.810090 0.477396
56.919688 0.352509
57.021652 0.380116
57.129757 0.400721
57.231485 0.392509
57.331896 0.444664
57.439974 0.363104
57.541051 0.118840
57.649704 0.041252
57.749849 0.030343
57.849924 0.034118
57.949930 0.026744
58.050865 0.024692
58.151285 0.025178
58.260440 0.022317
58.361133 0.032109
58.469922 0.025042
58.570105 0.020284
58.680069 0.034494
58.789996 0.020161
58.890624 0.021959
59.001138 0.030928
59.109832 0.021816
59.210613 0.026452
59.321377 0.028012
59.430430 0.025761
59.539893 0.041157
59.639983 0.025965
59.740644 0.029540
59.849700 0.028640
59.950868 0.029091
60.061375 0.030136
60.169803 0.021950
60.269992 0.030015
60.379601 0.033968
60.479952 0.023994
60.581224 0.037476
60.689700 0.018195
60.790243 0.020183
60.891375 0.012085
61.002147 0.029274
61.110036 0.022118
61.221470 0.030324
61.329966 0.018954
61.440088 0.032441
61.551464 0.032801
61.659865 0.022840
61.760333 0.020281
61.860861 0.010118
61.970099 0.020128
62.080263 0.022848
62.189885 0.030368
62.290518 0.014323
62.399987 0.039248
62.509426 0.027787
62.610798 0.023173
62.721490 0.024179
62.829826 0.022847
62.931742 0.027865
63.039871 0.016466
63.140071 0.017257
63.249655 0.024491
63.349838 0.045360
63.449929 0.027458
63.550362 0.015801
63.660921 0.021325
63.769755 0.019712
63.870064 0.020728
63.970135 0.029806
64.070220 0.026089
64.180054 0.016576
64.289834 0.012644
64.390221 0.028749
64.490721 0.046707
64.599846 0.030306
64.710134 0.039255
64.810687 0.022348
64.910739 0.028603
