0.100692 0.608457
0.210775 0.026054
0.311493 0.017638
0.421141 0.013143
0.530349 0.014451
0.640779 0.018170
0.750436 0.016123
0.860500 0.024629
0.970969 0.022056
1.080483 0.024524
1.191606 0.015698
1.300190 0.015033
1.401083 0.012973
1.501504 0.016082
1.610504 0.006068
1.710797 0.020560
1.820284 0.016786
1.920559 0.012597
2.021180 0.021538
2.131777 0.015449
2.240857 0.018922
2.341140 0.019876
2.450390 0.021048
2.560508 0.012199
2.660839 0.016138
2.761505 0.016362
2.861901 0.020533
2.971579 0.014139
3.080325 0.013931
3.181328 0.014793
3.281774 0.024114
3.391563 0.024528
3.500550 0.016572
3.610639 0.016456
3.711433 0.014854
3.820103 0.016834
3.920917 0.027926
4.031591 0.023542
4.140179 0.021938
4.240968 0.011685
4.350070 0.016864
4.450467 0.021113
4.551140 0.012853
4.659908 0.015552
4.761589 0.017970
4.869993 0.023479
4.970645 0.021620
5.070749 0.012550
5.171135 0.016627
5.280234 0.024244
5.381354 0.013488
5.491122 0.017142
5.600201 0.015504
5.700203 0.014714
5.800799 0.016083
5.910492 0.018310
6.011230 0.020946
6.120137 0.011904
6.220245 0.009741
6.320408 0.016436
6.420722 0.015126
6.520758 0.021648
6.630423 0.011509
6.740224 0.017333
6.841070 0.021448
6.950692 0.018606
7.051738 0.016096
7.160405 0.014849
7.270668 0.021697
7.380500 0.018000
7.481663 0.016972
7.590474 0.022892
7.690843 0.018508
7.800305 0.012355
7.901151 0.016214
8.011242 0.022966
8.120567 0.011724
8.230387 0.009857
8.331495 0.017440
8.440608 0.012617
8.540968 0.018051
8.650167 0.018176
8.750456 0.012986
8.860488 0.016803
8.960573 0.010118
9.070253 0.018995
9.170729 0.016837
9.280316 0.008235
9.381131 0.018648
9.481270 0.011923
9.590704 0.015469
9.691796 0.017912
9.800246 0.015438
9.901049 0.014542
10.001692 0.019197
10.110354 0.019747
10.210385 0.021341
10.310940 0.014564
10.420839 0.019038
10.530102 0.010153
10.632310 0.019015
10.740421 0.013424
10.841662 0.022270
10.950385 0.023582
11.060930 0.017232
11.171784 0.010502
11.281458 0.019842
11.381500 0.012577
11.491433 0.021385
11.591729 0.117158
11.701113 0.054814
11.801640 0.032186
11.911529 0.047338
12.021512 0.183948
12.130658 0.013828
12.232266 0.035003
12.341483 0.099379
12.442183 0.140161
12.551903 0.073902
12.660299 0.082269
12.761784 0.135437
12.870873 0.101320
12.972406 0.082439
13.073075 0.070039
13.181851 0.132121
13.282800 0.164192
13.392667 0.151240
13.500665 0.116976
13.601193 0.577871
13.710741 2.261687
13.811739 2.972963
13.921379 3.085778
14.032551 2.497717
14.140578 2.058088
14.250411 1.629200
14.350597 1.183664
14.451036 1.036007
14.561242 0.864201
14.661293 0.724726
14.771157 0.657131
14.880600 0.579382
14.991484 0.532206
15.101614 0.493775
15.202924 0.455388
15.310360 0.464919
15.410536 0.423763
15.522066 0.443519
15.630453 0.443425
15.731648 0.443918
15.840789 0.440414
15.940859 0.425841
16.051738 0.406248
16.160130 0.430206
16.260698 0.395303
16.370398 0.426855
16.470969 0.340606
16.580685 0.871878
16.681026 1.224530
16.790588 1.059287
16.891328 0.907244
16.992059 0.771563
17.101915 0.711877
17.210529 0.613774
17.311237 0.541087
17.420530 0.508241
17.522467 0.473816
17.630659 0.496734
17.741032 0.408546
17.841121 0.406124
17.951484 0.434902
18.060578 0.397179
18.170573 0.413476
18.280709 0.406009
18.390476 0.395640
18.491264 0.381254
18.600564 0.385132
18.700634 0.338470
18.801366 0.370492
18.910205 0.396296
19.010253 0.418037
19.110483 0.442202
19.210956 0.450084
19.322111 0.449026
19.430714 0.448103
19.540542 0.435072
19.650436 0.394779
19.750522 0.409186
19.860581 0.462038
19.961108 0.414811
20.072138 0.426085
20.180409 0.434482
20.280481 0.409001
20.380527 0.406821
20.482074 0.393590
20.590585 0.398961
20.700420 0.393831
20.801855 0.376813
20.910714 0.387424
21.020728 0.372836
21.121329 0.369446
21.230362 0.412957
21.330695 0.406404
21.440878 0.393568
21.551290 0.386638
21.660799 0.415543
21.761326 0.412324
21.870580 0.407862
21.970943 0.415601
22.081920 0.414517
22.190349 0.415679
22.292227 0.386221
22.400551 0.409504
22.500840 0.407579
22.601194 0.397703
22.701743 0.395329
22.811207 0.380545
22.921407 0.402451
23.022953 0.403821
23.131111 0.409915
23.242055 0.410302
23.352006 0.424954
23.460914 0.426403
23.562141 0.390510
23.672219 0.407826
23.772412 0.395785
23.880832 0.402958
23.990830 0.403594
24.091265 0.369962
24.201318 0.386469
24.302765 0.408530
24.410991 0.393947
24.521051 0.405918
24.631263 0.400531
24.741138 0.376859
24.850768 0.389489
24.952076 0.400634
25.061673 0.391962
25.171247 0.386493
25.271322 0.379353
25.380574 0.405448
25.490644 0.390089
25.600550 0.387751
25.702250 0.391707
25.810931 0.387902
25.921466 0.386212
26.030420 0.407548
26.130433 0.405858
26.240400 0.386116
26.340623 0.413366
26.441208 0.390354
26.541377 0.401146
26.650437 0.407374
26.750779 0.396177
26.850982 0.403301
26.961983 0.407626
27.070877 0.385784
27.170894 0.436009
27.271285 0.359745
27.372051 0.403255
27.472628 0.371582
27.580867 0.353508
27.680902 0.361007
27.791708 0.350991
27.900891 0.383099
28.010812 0.418337
28.111221 0.466934
28.211416 0.406716
28.311918 0.400339
28.420195 0.439406
28.520618 0.426402
28.631010 0.416735
28.740374 0.437675
28.840637 0.411029
28.941537 0.411504
29.051585 0.413881
29.161934 0.412279
29.262287 0.403480
29.372310 0.416368
29.480843 0.418291
29.590366 0.401247
29.690669 0.402721
29.791141 0.415238
29.901701 0.408704
30.011582 0.413762
30.120671 0.402149
30.222075 0.396175
30.330825 0.425849
30.431527 0.297617
30.540616 0.390212
30.640690 0.431122
30.750513 0.433785
30.850581 0.423589
30.961024 0.420850
31.070435 0.420924
31.170637 0.424210
31.281247 0.407064
31.390442 0.406824
31.500477 0.402749
31.602434 0.401060
31.710552 0.405779
31.810648 0.404197
31.911251 0.387082
32.022315 0.396233
32.132229 0.386902
32.240580 0.404304
32.350366 0.430884
32.450644 0.393751
32.550741 0.427540
32.662803 0.402564
32.771255 0.404340
32.880573 0.416095
32.981761 0.397334
33.091276 0.395829
33.200576 0.401422
33.301580 0.392643
33.411471 0.398854
33.511758 0.397727
33.622041 0.404567
33.730771 0.395412
33.830785 0.402453
33.940601 0.405721
34.051484 0.405686
34.161465 0.414405
34.262353 0.396144
34.372371 0.411891
34.482046 0.406723
34.590637 0.424575
34.700386 0.408919
34.800566 0.398711
34.900707 0.394569
35.000740 0.404895
35.110685 0.380588
35.210832 0.418468
35.321384 0.398014
35.430546 0.417754
35.530969 0.403227
35.640714 0.397147
35.741083 0.390625
35.852117 0.351916
35.960655 0.428205
36.060790 0.424935
36.160815 0.419451
36.260936 0.423984
36.370462 0.426044
36.470795 0.427524
36.582105 0.434715
36.691693 0.447539
36.801478 0.431527
36.901779 0.413354
37.011028 0.420575
37.120680 0.417091
37.220753 0.408375
37.331084 0.421825
37.440583 0.424004
37.541698 0.416458
37.650755 0.430667
37.751080 0.425015
37.860549 0.444896
37.961588 0.398967
38.073072 0.393039
38.180854 0.394273
38.281297 0.381445
38.391163 0.378762
38.491195 0.376863
38.591606 0.386742
38.700478 0.369849
38.800901 0.387289
38.910954 0.397052
39.011110 0.406045
39.120737 0.390760
39.221109 0.408917
39.330847 0.411820
39.440306 0.424441
39.541187 0.412434
39.641779 0.397660
39.750038 0.421028
39.851068 0.388216
39.960425 0.404853
40.061975 0.394550
40.170643 0.412112
40.271210 0.402082
40.380903 0.416955
40.490534 0.401281
40.590605 0.407493
40.701232 0.410692
40.801324 0.417978
40.910888 0.395078
41.011171 0.397293
41.111901 0.400700
41.220425 0.408127
41.321310 0.389013
41.432022 0.403730
41.540628 0.421553
41.641577 0.399343
41.752162 0.400888
41.860381 0.420354
41.962044 0.395289
42.071060 0.407161
42.182150 0.409875
42.291076 0.398022
42.391704 0.403972
42.492065 0.405303
42.592437 0.408730
42.700890 0.408822
42.802055 0.399305
42.911059 0.408843
43.011475 0.392317
43.122154 0.397514
43.231230 0.394152
43.343087 0.275972
43.450546 0.370990
43.550934 0.401548
43.662458 0.424021
43.770486 0.418054
43.871906 0.414169
43.980530 0.429011
44.081292 0.413866
44.181815 0.413115
44.291486 0.436249
44.400598 0.425510
44.510502 0.422914
44.610942 0.412736
44.711332 0.404176
44.820568 0.399182
44.921942 0.387995
45.030710 0.388432
45.130837 0.323601
45.230898 0.399807
45.331238 0.413022
45.431727 0.409145
45.540867 0.394506
45.641009 0.398079
45.750583 0.406011
45.851027 0.387940
45.951790 0.399524
46.060791 0.410659
46.162127 0.408969
46.262960 0.395975
46.370775 0.422621
46.480631 0.407272
46.581451 0.425751
46.682251 0.433070
46.790596 0.418138
46.900506 0.406883
47.001196 0.417894
47.110794 0.384695
47.211801 0.413054
47.312288 0.377704
47.420417 0.383453
47.520513 0.417203
47.620833 0.414502
47.720863 0.392051
47.830760 0.412891
47.940793 0.397789
48.040831 0.403868
48.150689 0.406417
48.250856 0.395552
48.361700 0.395747
48.462422 0.388720
48.571079 0.387219
48.681681 0.386361
48.791360 0.400506
48.900789 0.388707
49.010983 0.366223
49.111745 0.382684
49.220714 0.397247
49.322044 0.398882
49.431025 0.395709
49.540822 0.394993
49.652280 0.411883
49.760679 0.429492
49.861962 0.414810
49.971524 0.410800
50.080604 0.420874
50.191192 0.342133
50.300598 0.259295
50.410716 0.206706
50.511047 0.155922
50.620434 0.110159
50.721144 0.084947
50.831100 0.065928
50.941971 0.051985
51.051332 0.037792
51.161474 0.035497
51.270414 0.030193
51.370592 0.043339
51.471252 0.030599
51.580455 0.057613
51.681798 0.041114
51.782695 0.052093
51.890974 0.082053
52.000599 0.056587
52.101153 0.061764
52.202915 0.052233
52.310634 0.080633
52.411131 0.055954
52.521792 0.053820
52.630861 0.083508
52.731428 0.085425
52.841819 0.055015
52.951066 0.119532
53.062337 0.156855
53.170820 0.138400
53.281735 0.154022
53.381935 0.147683
53.490908 0.107960
53.591008 0.125262
53.691758 0.139306
53.791893 0.176409
53.892226 0.275565
54.002179 0.361099
54.111782 0.202235
54.221154 0.249450
54.331163 0.192734
54.431368 0.163643
54.540960 0.169617
54.641058 0.156261
54.741920 0.317407
54.842265 0.248957
54.950898 0.106588
55.051191 0.254078
55.161243 0.185217
55.261443 0.274656
55.371205 0.192766
55.471221 0.538819
55.571823 0.133632
55.681562 0.319003
55.782317 0.142489
55.891790 0.169427
55.992005 0.178777
56.101313 0.184250
56.211298 0.240277
56.321663 0.223962
56.422179 0.263872
56.531069 0.226371
56.631743 0.285494
56.732947 0.207024
56.841270 0.235929
56.951645 0.290124
57.061884 0.384938
57.162731 0.120226
57.271082 0.051521
57.372102 0.032817
57.481615 0.048086
57.591128 0.267771
57.701024 0.065473
57.802339 0.150924
57.910878 0.281754
58.021279 0.047968
58.121643 0.019149
58.232765 0.012078
58.340951 0.013935
58.441247 0.010483
58.551803 0.011166
58.661528 0.009013
58.771050 0.006753
58.871873 0.009241
58.981184 0.012923
59.091354 0.009072
59.191396 0.017412
59.300750 0.010341
59.402770 0.008280
59.512486 0.008918
59.621578 0.005624
59.721852 0.010072
59.832454 0.008978
59.941306 0.008848
60.051217 0.006920
60.161150 0.010949
60.261172 0.014104
60.362167 0.010949
60.473132 0.008926
60.581052 0.010770
60.692258 0.010380
60.801439 0.011192
60.911212 0.009100
61.011338 0.006333
61.111384 0.009019
61.221411 0.009920
61.321864 0.014219
61.431096 0.004277
61.531789 0.011403
61.641751 0.008655
61.752485 0.012066
61.861063 0.008213
61.961188 0.009284
62.071123 0.012261
62.172121 0.014363
62.280932 0.011884
62.380978 0.007159
62.480988 0.007885
62.581992 0.010997
62.690823 0.008706
62.790878 0.012514
62.891954 0.014478
63.000932 0.009441
63.102497 0.008894
63.211044 0.008665
63.311711 0.006105
63.422325 0.005959
63.532218 0.008570
63.641015 0.011292
63.750810 0.010553
63.860720 0.017231
63.961410 0.010551
64.070681 0.012259
64.182479 0.005830
64.291419 0.017828
64.400860 0.015735
64.511007 0.013769
64.611924 0.015829
64.722390 0.013273
64.830916 0.007004
64.931454 0.012894
