0.000000 0.000000
8.733760 0.028335
8.762094 0.001570
8.763664 0.000784
8.764448 0.009409
8.773858 0.068807
8.842664 0.098991
8.941655 0.099647
9.041302 0.100761
9.142063 0.000955
9.143017 0.100803
9.243821 0.100326
9.344147 0.101738
9.445884 0.098075
9.543959 0.098670
9.642629 0.098180
9.740810 0.099174
9.839984 0.101688
9.941673 0.102837
10.044509 0.100338
10.144848 0.099022
10.243870 0.096303
10.340173 0.099896
10.440069 0.101359
10.541429 0.098636
10.640065 0.100135
10.740200 0.099808
10.840008 0.109397
10.949405 0.093498
11.042903 0.099401
11.142304 0.099784
11.242089 0.100194
11.342282 0.100601
11.442883 0.132714
11.575597 0.077787
11.653384 0.089927
11.743311 0.098699
11.842010 0.099269
11.941280 0.100227
12.041507 0.107588
12.149095 0.091442
12.240537 0.099559
12.340097 0.102171
12.442267 0.100656
12.542924 0.099954
12.642877 0.097736
12.740613 0.099493
12.840106 0.100937
12.941043 0.103191
13.044234 0.103428
13.147662 0.094557
13.242219 0.103873
13.346093 0.098961
13.445053 0.096489
13.541542 0.098311
13.639854 0.100422
13.740276 0.099834
13.840110 0.102301
13.942411 0.099573
14.041984 0.098915
14.140899 0.104847
14.245746 0.094368
14.340114 0.103854
14.443968 0.096205
14.540173 0.100135
14.640308 0.099966
14.740275 0.099768
14.840043 0.101062
14.941105 0.098832
15.039937 0.103865
15.143802 0.096504
15.240306 0.100403
15.340709 0.104967
15.445676 0.097326
15.543002 0.098901
15.641903 0.099282
15.741185 0.099542
15.840727 0.103653
15.944381 0.095528
16.039908 0.103597
16.143505 0.097069
16.240575 0.099908
16.340482 0.100932
16.441414 0.100045
16.541459 0.098972
16.640431 0.113286
16.753717 0.088815
16.842532 0.111233
16.953765 0.087669
17.041434 0.103686
17.145119 0.095579
17.240698 0.099993
17.340691 0.104686
17.445378 0.097366
17.542744 0.100123
17.642867 0.097494
17.740362 0.105432
17.845794 0.094433
17.940226 0.100579
18.040805 0.109757
18.150563 0.090309
18.240872 0.102039
18.342910 0.100021
18.442932 0.099874
18.542806 0.103089
18.645895 0.097503
18.743398 0.096854
18.840252 0.100228
18.940479 0.100086
19.040566 0.102662
19.143228 0.097248
19.240476 0.101983
19.342459 0.098252
19.440711 0.099722
19.540433 0.102615
19.643048 0.098081
19.741129 0.102016
19.843145 0.107931
19.951076 0.090799
20.041875 0.099784
20.141659 0.099658
20.241317 0.098982
20.340299 0.100153
20.440451 0.100128
20.540580 0.101797
20.642376 0.101464
20.743840 0.101918
20.845758 0.094797
20.940555 0.100058
21.040614 0.103429
21.144042 0.098996
21.243038 0.101096
21.344134 0.099894
21.444029 0.099094
21.543123 0.098543
21.641666 0.099143
21.740808 0.099847
21.840656 0.100544
21.941200 0.102775
22.043974 0.099765
22.143739 0.097014
22.240753 0.099742
22.340496 0.105795
22.446291 0.095498
22.541789 0.099085
22.640873 0.099926
22.740799 0.102097
22.842896 0.109710
22.952606 0.089949
23.042555 0.100590
23.143145 0.097496
23.240641 0.110517
23.351158 0.089864
23.441022 0.275529
23.716551 0.106510
23.823061 0.000588
23.823648 0.170470
23.994118 0.051587
24.045706 0.834065
24.879771 0.083608
24.963379 0.000474
24.963853 0.000517
24.964370 0.000785
24.965155 0.007351
24.972505 0.000507
24.973013 0.000318
24.973330 0.006065
24.979395 0.559139
25.538534 0.633148
26.171682 0.000384
26.172066 0.000361
26.172427 0.000407
26.172835 0.000526
26.173361 0.000461
26.173822 0.000310
26.174132 1.418832
27.592964 0.001306
27.594270 0.000718
27.594988 0.023029
27.618017 0.051735
27.669752 2.164031
29.833783 0.008107
29.841891 0.000731
29.842622 0.000784
29.843406 0.000763
29.844169 0.306606
30.150775 0.048864
30.199639 0.000646
30.200284 0.000486
30.200771 0.000556
30.201327 0.000465
30.201792 0.083462
30.285254 0.756730
31.041984 0.000370
31.042353 0.000367
31.042720 0.225203
31.267923 0.000923
31.268846 0.000430
31.269276 0.000449
31.269725 0.001080
31.270805 0.055086
31.325891 0.000643
31.326534 0.000481
31.327015 0.000509
31.327524 0.000625
31.328149 0.000339
31.328488 0.000191
31.328679 0.000166
31.328845 0.000252
31.329097 0.000187
31.329285 0.000192
31.329476 0.002116
31.331592 0.001071
31.332663 0.000198
31.332861 0.006203
31.339064 0.003411
31.342475 0.033952
31.376427 0.020370
31.396797 0.340071
31.736868 0.000560
31.737428 0.000324
31.737752 0.000417
31.738169 0.000397
31.738566 0.000254
31.738820 0.000269
31.739088 0.000246
31.739334 0.000248
31.739582 0.000253
31.739836 0.000378
31.740214 0.000255
31.740469 0.784320
32.524790 0.001163
32.525952 0.000824
32.526776 0.000796
32.527572 0.515522
33.043094 0.000834
33.043928 0.000646
33.044574 0.000712
33.045286 0.000755
33.046041 0.000650
33.046691 0.000712
33.047403 0.001204
33.048607 0.541304
33.589911 0.001195
33.591106 0.001101
33.592207 0.017649
33.609856 0.297552
33.907408 0.000066
33.907474 0.001163
33.908637 0.000043
33.908680 0.000368
33.909048 0.796310
34.705358 0.000132
34.705490 0.000132
34.705623 0.873044
35.578667 0.001571
35.580237 0.000067
35.580305 0.115338
35.695642 0.205392
35.901035 0.009518
35.910553 0.090562
36.001115 0.009891
36.011006 0.011653
36.022660 0.001506
36.024166 0.276501
36.300667 0.078774
36.379441 0.120183
36.499624 0.002726
36.502351 0.001733
36.504083 0.014190
36.518273 0.006992
36.525266 0.004764
36.530029 0.090406
36.620436 0.003658
36.624093 0.002228
36.626321 0.027427
36.653748 0.129140
36.782889 0.000052
36.782940 0.000053
36.782993 0.025776
36.808769 0.007104
36.815873 0.049873
36.865746 0.004923
36.870669 0.012210
36.882879 0.014703
36.897582 0.122101
37.019683 0.000059
37.019742 0.059070
37.078812 0.005726
37.084538 0.014448
37.098986 0.008287
37.107273 0.063280
37.170553 0.306838
37.477391 0.090911
37.568302 0.058735
37.627037 0.036004
37.663042 0.021692
37.684733 0.026193
37.710926 0.033288
37.744214 0.001984
37.746198 0.262013
38.008211 0.021188
38.029399 0.003523
38.032922 0.020593
38.053515 0.002476
38.055991 0.072822
38.128813 0.069173
38.197986 0.000819
38.198805 0.029818
38.228623 0.006552
38.235175 0.013926
38.249101 0.002696
38.251797 0.009723
38.261520 0.000352
38.261872 0.000450
38.262321 0.001091
38.263413 0.001174
38.264586 0.000267
38.264853 0.017430
38.282283 0.000917
38.283199 0.000754
38.283953 0.000675
38.284628 0.000699
38.285328 0.619192
38.904520 0.000287
38.904807 0.017902
38.922710 0.004140
38.926850 0.001696
38.928546 0.001504
38.930050 0.015046
38.945097 0.100636
39.045732 0.098923
39.144656 0.101779
39.246434 0.096992
39.343427 0.099841
39.443268 0.099162
39.542429 0.099789
39.642218 0.099849
39.742066 0.099937
39.842004 0.103301
39.945305 0.099210
40.044514 0.098178
40.142693 0.109424
40.252116 0.090742
40.342858 0.101888
40.444746 0.101238
40.545983 0.098927
40.644910 0.098767
40.743676 0.099668
40.843345 0.099929
40.943274 0.099192
41.042466 0.099948
41.142414 0.106479
41.248893 0.092987
41.341880 0.100383
41.442263 0.104804
41.547068 0.095173
41.642240 0.100077
41.742318 0.099972
41.842289 0.100029
41.942318 0.102739
42.045057 0.098728
42.143785 0.103110
42.246895 0.095763
42.342658 0.100630
42.443288 0.098645
42.541933 0.102177
42.644110 0.100939
42.745049 0.096515
42.841564 0.102840
42.944404 0.097952
43.042356 0.099218
43.141574 0.100470
43.242044 0.100498
43.342542 0.099047
43.441589 0.102402
43.543991 0.100705
43.644696 0.098719
43.743415 0.098726
43.842142 0.100595
43.942737 0.099678
44.042415 0.100988
44.143404 0.101885
44.245288 0.097000
44.342288 0.102248
44.444536 0.099538
44.544074 0.098899
44.642973 0.104212
44.747185 0.099337
44.846521 0.098334
44.944855 0.099830
45.044686 0.099208
45.143894 0.099733
45.243627 0.099121
45.342749 0.104235
45.446984 0.095575
45.542559 0.099218
45.641777 0.102397
45.744174 0.097810
45.841985 0.102375
45.944360 0.102815
46.047175 0.096281
46.143456 0.098092
46.241547 0.103422
46.344969 0.096943
46.441912 0.106044
46.547956 0.095992
46.643948 0.103878
46.747826 0.094525
46.842350 0.104112
46.946462 0.095680
47.042142 0.104425
47.146567 0.095607
47.242174 0.099861
47.342036 0.101474
47.443509 0.099011
47.542520 0.100569
47.643090 0.100275
47.743365 0.099033
47.842397 0.107359
47.949756 0.094467
48.044223 0.118600
48.162823 0.082631
48.245454 0.098175
48.343629 0.099094
