0.000000 0.000000
8.464543 0.521471
8.986014 0.033042
9.019056 0.074560
9.093616 0.048983
9.142599 0.000046
9.142645 0.068489
9.211134 0.033816
9.244950 0.065825
9.310775 0.101780
9.412555 0.104304
9.516859 0.128916
9.645775 0.066666
9.712441 0.102998
9.815439 0.098661
9.914099 0.000960
9.915060 0.092060
10.007119 0.103040
10.110159 0.098102
10.208261 0.098536
10.306797 0.100828
10.407625 0.099359
10.506985 0.100704
10.607689 0.102284
10.709973 0.097930
10.807903 0.108544
10.916447 0.091064
11.007511 0.099827
11.107339 0.101072
11.208410 0.101193
11.309603 0.097515
11.407118 0.099655
11.506773 0.100865
11.607639 0.104369
11.712008 0.098945
11.810953 0.101375
11.912328 0.094920
12.007247 0.102227
12.109475 0.097467
12.206941 0.101560
12.308501 0.099043
12.407544 0.102738
12.510282 0.096463
12.606746 0.101869
12.708614 0.098290
12.806904 0.100883
12.907787 0.099136
13.006923 0.100751
13.107674 0.099277
13.206951 0.100674
13.307624 0.102434
13.410058 0.118171
13.528229 0.081726
13.609955 0.099231
13.709185 0.099968
13.809154 0.098456
13.907610 0.101469
14.009079 0.101325
14.110404 0.098393
14.208797 0.105461
14.314257 0.102330
14.416587 0.091676
14.508263 0.098437
14.606700 0.105854
14.712554 0.098206
14.810760 0.104077
14.914838 0.092085
15.006922 0.102810
15.109732 0.097871
15.207603 0.104747
15.312350 0.096176
15.408526 0.115158
15.523685 0.083666
15.607350 0.107487
15.714837 0.092237
15.807074 0.143250
15.950324 0.058729
16.009053 0.098588
16.107641 0.099768
16.207409 0.101297
16.308706 0.106794
16.415500 0.091950
16.507450 0.102785
16.610235 0.099376
16.709611 0.126976
16.836588 0.082066
16.918653 0.091850
17.010503 0.097677
17.108180 0.102280
17.210461 0.097810
17.308271 0.112239
17.420510 0.087961
17.508471 0.099002
17.607473 0.103921
17.711394 0.136250
17.847645 0.081296
17.928940 0.078186
18.007126 0.106671
18.113797 0.095357
18.209154 0.102143
18.311297 0.096259
18.407556 0.099770
18.507326 0.101126
18.608452 0.105784
18.714236 0.094994
18.809230 0.098275
18.907505 0.103880
19.011385 0.095770
19.107155 0.136408
19.243563 0.067204
19.310767 0.097551
19.408318 0.099333
19.507651 0.108414
19.616066 0.129598
19.745663 0.065819
19.811482 0.096145
19.907627 0.099705
20.007333 0.102169
20.109502 0.100277
20.209779 0.099592
20.309371 0.098566
20.407937 0.101200
20.509137 0.104496
20.613633 0.095530
20.709163 0.103377
20.812539 0.096529
20.909068 0.100801
21.009869 0.098074
21.107943 0.099702
21.207645 0.100694
21.308340 0.099757
21.408097 0.099462
21.507559 0.102478
21.610037 0.097993
21.708030 0.101982
21.810012 0.097772
21.907784 0.105750
22.013534 0.094767
22.108300 0.101694
22.209994 0.105287
22.315281 0.094001
22.409282 0.100476
22.509758 0.098056
22.607814 0.100387
22.708201 0.100768
22.808970 0.102230
22.911199 0.096678
23.007877 0.099734
23.107611 0.100963
23.208574 0.109064
23.317638 0.090719
23.408357 0.110476
23.518833 0.089590
23.608423 0.107602
23.716025 0.100345
23.816370 0.129141
23.945511 0.064592
24.010103 0.097538
24.107640 0.101143
24.208783 0.101613
24.310396 0.101231
24.411627 0.095933
24.507560 0.106375
24.613935 0.095810
24.709745 0.097599
24.807344 0.100603
24.907947 0.099745
25.007691 0.100989
25.108680 0.111751
25.220431 0.088660
25.309091 0.098315
25.407406 0.108853
25.516259 0.139741
25.656000 0.165338
25.821338 0.000580
25.821918 0.177780
25.999698 0.080390
26.080089 0.040290
26.120378 0.088983
26.209361 0.130823
26.340184 0.114679
26.454863 0.052946
26.507810 0.101450
26.609260 0.102582
26.711841 0.097870
26.809711 0.101489
26.911200 0.097742
27.008942 0.099244
27.108187 0.101775
27.209961 0.097637
27.307598 0.101394
27.408993 0.100014
27.509007 0.103078
27.612085 0.097821
27.709906 0.099421
27.809328 0.098509
27.907837 0.099827
28.007664 0.102235
28.109898 0.105324
28.215223 0.094594
28.309817 0.101657
28.411474 0.228684
28.640158 0.019951
28.660109 0.062262
28.722371 0.089851
28.812222 0.100951
28.913173 0.095273
29.008446 0.101058
29.109504 0.098356
29.207861 0.100984
29.308845 0.108936
29.417781 0.091631
29.509411 0.098683
29.608094 0.104490
29.712583 0.098073
29.810657 0.103463
29.914120 0.103837
30.017956 0.104701
30.122657 0.087696
30.210353 0.123927
30.334280 0.085653
30.419933 0.088187
30.508120 0.101846
30.609965 0.098535
30.708500 0.102248
30.810748 0.106197
30.916945 0.092567
31.009512 0.102970
31.112482 0.097603
31.210085 0.103963
31.314048 0.094263
31.408311 0.100482
31.508793 0.100036
31.608829 0.112805
31.721634 0.090626
31.812260 0.104563
31.916823 0.094230
32.011053 0.096965
32.108018 0.100668
32.208685 0.101263
32.309949 0.102494
32.412443 0.095558
32.508001 0.104227
32.612228 0.097258
32.709486 0.102082
32.811568 0.106075
32.917643 0.090797
33.008440 0.099944
33.108384 0.100229
33.208613 0.106670
33.315283 0.095619
33.410901 0.099769
33.510670 0.097463
33.608133 0.101083
33.709216 0.115322
33.824538 0.169901
33.994439 0.026715
34.021154 0.094363
34.115517 0.094610
34.210127 0.104957
34.315084 0.093307
34.408391 0.100629
34.509020 0.100955
34.609975 0.098743
34.708718 0.101277
34.809995 0.098594
34.908590 0.101449
35.010039 0.098468
35.108506 0.101705
35.210212 0.098581
35.308793 0.101567
35.410360 0.099718
35.510079 0.099523
35.609602 0.101214
35.710816 0.100514
35.811330 0.096927
35.908257 0.101099
36.009355 0.102609
36.111965 0.097114
36.209079 0.101594
36.310673 0.098192
36.408864 0.109026
36.517890 0.101354
36.619245 0.091727
36.710972 0.128993
36.839964 0.077012
36.916976 0.095114
37.012090 0.097158
37.109248 0.118682
37.227930 0.081896
37.309826 0.101604
37.411430 0.098796
37.510225 0.098213
37.608438 0.111173
37.719611 0.092171
37.811782 0.104058
37.915840 0.095003
38.010843 0.097915
38.108758 0.102721
38.211479 0.101654
38.313133 0.097188
38.410321 0.101760
38.512081 0.096402
38.608483 0.103209
38.711693 0.098409
38.810101 0.098549
38.908651 0.100026
39.008676 0.102769
39.111446 0.102747
39.214193 0.097400
39.311593 0.098612
39.410205 0.107689
39.517893 0.093084
39.610978 0.098657
39.709634 0.103672
39.813307 0.097880
39.911187 0.100732
40.011919 0.099787
40.111706 0.100876
40.212581 0.099435
40.312016 0.105440
40.417457 0.091723
40.509180 0.099314
40.608494 0.102068
40.710562 0.098224
40.808786 0.100868
40.909654 0.099788
41.009442 0.100821
41.110263 0.098631
41.208894 0.101111
41.310006 0.242955
41.552960 0.000917
41.553878 0.103217
41.657095 0.059298
41.716393 0.108584
41.824977 0.102065
41.927041 0.089682
42.016723 0.106120
42.122844 0.094916
42.217760 0.100078
42.317837 0.091132
42.408969 0.100495
42.509464 0.101295
42.610759 0.098182
42.708941 0.101665
42.810607 0.105291
42.915898 0.101876
43.017774 0.105395
43.123168 0.167458
43.290626 0.046880
43.337506 0.072512
43.410018 0.098950
43.508967 0.101495
43.610462 0.102973
43.713434 0.096421
43.809856 0.099097
43.908953 0.100159
44.009112 0.102431
44.111543 0.097539
44.209082 0.102016
44.311097 0.101497
44.412595 0.101927
44.514522 0.108951
44.623472 0.090832
44.714305 0.094836
44.809140 0.111980
44.921120 0.088173
45.009294 0.100086
45.109380 0.111237
45.220616 0.100655
45.321272 0.117754
45.439025 0.083653
45.522678 0.091130
45.613809 0.095663
45.709471 0.102385
45.811856 0.104219
45.916076 0.095089
46.011165 0.112180
46.123345 0.086949
46.210294 0.099960
46.310254 0.100717
46.410972 0.098440
46.509412 0.100835
46.610247 0.110812
46.721059 0.090809
46.811868 0.097486
46.909354 0.101809
47.011163 0.100454
47.111618 0.100250
47.211868 0.100085
47.311953 0.097043
47.408996 0.100161
47.509157 0.102336
47.611493 0.098061
47.709554 0.100512
47.810066 0.101498
47.911564 0.098209
48.009772 0.100092
48.109864 0.099874
