0.000000 0.000000
8.780296 0.000009
8.780305 0.026234
8.806539 0.054448
8.860987 0.005231
8.866218 0.105649
8.971867 0.091500
9.063367 0.000474
9.063841 0.102283
9.166124 0.094884
9.261008 0.100203
9.361211 0.100924
9.462135 0.099243
9.561378 0.101010
9.662389 0.099208
9.761597 0.100654
9.862251 0.099112
9.961363 0.104277
10.065640 0.096043
10.161683 0.103105
10.264788 0.097445
10.362233 0.099162
10.461395 0.099731
10.561126 0.104040
10.665166 0.096375
10.761541 0.103505
10.865047 0.096364
10.961410 0.101245
11.062655 0.099125
11.161780 0.101389
11.263169 0.098617
11.361786 0.099479
11.461265 0.099994
11.561259 0.100723
11.661982 0.101001
11.762983 0.104487
11.867470 0.136556
12.004026 0.059520
12.063546 0.101980
12.165525 0.109755
12.275280 0.104040
12.379320 0.083750
12.463070 0.100866
12.563935 0.097931
12.661867 0.100046
12.761913 0.099674
12.861587 0.099866
12.961453 0.102434
13.063887 0.097923
13.161810 0.102120
13.263931 0.098197
13.362128 0.099882
13.462010 0.099763
13.561773 0.100153
13.661926 0.104248
13.766174 0.098144
13.864318 0.097629
13.961947 0.101722
14.063669 0.097755
14.161424 0.101444
14.262868 0.099585
14.362453 0.102198
14.464651 0.099630
14.564281 0.097632
14.661913 0.102196
14.764109 0.097740
14.861849 0.100564
14.962412 0.100141
15.062553 0.100562
15.163115 0.099475
15.262590 0.102531
15.365121 0.141895
15.507016 0.070058
15.577074 0.084940
15.662015 0.099866
15.761881 0.100306
15.862187 0.099855
15.962042 0.103598
16.065640 0.097200
16.162840 0.104685
16.267525 0.105547
16.373071 0.140950
16.514021 0.053558
16.567579 0.094861
16.662440 0.102391
16.764831 0.096928
16.861759 0.100313
16.962072 0.100052
17.062124 0.099872
17.161996 0.100147
17.262143 0.099924
17.362068 0.099950
17.462017 0.100714
17.562732 0.102408
17.665139 0.098249
17.763388 0.100135
17.863523 0.098931
17.962454 0.099356
18.061810 0.101903
18.163714 0.102426
18.266139 0.096150
18.362289 0.101643
18.463933 0.098905
18.562838 0.099000
18.661838 0.100023
18.761862 0.101252
18.863114 0.098935
18.962049 0.103441
19.065490 0.098804
19.164294 0.102625
19.266919 0.097117
19.364036 0.098486
19.462522 0.107799
19.570321 0.112887
19.683208 0.160300
19.843508 0.130201
19.973709 0.034853
20.008562 0.060284
20.068846 0.094789
20.163635 0.162225
20.325860 0.066658
20.392518 0.097881
20.490399 0.078377
20.568776 0.097545
20.666321 0.095972
20.762292 0.102128
20.864420 0.099575
20.963995 0.101127
21.065122 0.097158
21.162280 0.103279
21.265560 0.096878
21.362437 0.106572
21.469009 0.121597
21.590606 0.157087
21.747693 0.021813
21.769507 0.096445
21.865952 0.157718
22.023670 0.039656
22.063326 0.099593
22.162919 0.099372
22.262291 0.100550
22.362842 0.104138
22.466980 0.095334
22.562314 0.100953
22.663267 0.098945
22.762212 0.100748
22.862960 0.101126
22.964086 0.098426
23.062513 0.099942
23.162455 0.099922
23.262377 0.102869
23.365246 0.098070
23.463316 0.104195
23.567511 0.096663
23.664174 0.097795
23.761969 0.106040
23.868009 0.107307
23.975317 0.114257
24.089574 0.145983
24.235557 0.084741
24.320297 0.059770
24.380068 0.115932
24.496000 0.065948
24.561948 0.105311
24.667259 0.353122
25.020381 0.112843
25.133224 0.228190
25.361414 0.000453
25.361867 0.158910
25.520776 0.201621
25.722398 0.105230
25.827628 0.000580
25.828208 0.002223
25.830431 0.104130
25.934561 0.012052
25.946612 0.022569
25.969182 0.070202
26.039384 0.071184
26.110568 0.059938
26.170506 0.092503
26.263009 0.103353
26.366362 0.097632
26.463994 0.102557
26.566551 0.097671
26.664221 0.104070
26.768291 0.094672
26.862963 0.102887
26.965850 0.098092
27.063942 0.111793
27.175735 0.086702
27.262437 0.111873
27.374310 0.087864
27.462175 0.106060
27.568235 0.095260
27.663495 0.099405
27.762899 0.099333
27.862232 0.100023
27.962255 0.125743
28.087998 0.087132
28.175130 0.088351
28.263481 0.099693
28.363174 0.107443
28.470617 0.092912
28.563529 0.099439
28.662967 0.100118
28.763085 0.102646
28.865730 0.096751
28.962481 0.100254
29.062735 0.100235
29.162971 0.104848
29.267818 0.100167
29.367985 0.095683
29.463668 0.099905
29.563573 0.099105
29.662677 0.100461
29.763138 0.099418
29.862556 0.106694
29.969250 0.097077
30.066327 0.095948
30.162275 0.100674
30.262949 0.099485
30.362434 0.104709
30.467143 0.097141
30.564283 0.098195
30.662478 0.100572
30.763050 0.099367
30.862418 0.105052
30.967470 0.095745
31.063214 0.100920
31.164134 0.098987
31.263122 0.200861
31.463983 0.101732
31.565715 0.276207
31.841922 0.000244
31.842166 0.358990
32.201156 0.250425
32.451581 0.063843
32.515424 0.001121
32.516544 0.001098
32.517642 0.112652
32.630294 0.095721
32.726015 0.000389
32.726404 0.001885
32.728289 0.092388
32.820677 0.154554
32.975231 0.074323
33.049554 0.009982
33.059536 0.034733
33.094269 0.170540
33.264809 0.099106
33.363916 0.174074
33.537990 0.000294
33.538283 0.042542
33.580826 0.144467
33.725292 0.048496
33.773789 0.090349
33.864138 0.100105
33.964243 0.100325
34.064568 0.099850
34.164418 0.098000
34.262418 0.101030
34.363448 0.099889
34.463337 0.099800
34.563138 0.099891
34.663029 0.101542
34.764571 0.098939
34.863510 0.099947
34.963456 0.099566
35.063022 0.099903
35.162925 0.100969
35.263894 0.099746
35.363640 0.146042
35.509681 0.203773
35.713454 0.071387
35.784841 0.046301
35.831142 0.144284
35.975426 0.052655
36.028081 0.053551
36.081632 0.091074
36.172706 0.264662
36.437368 0.115728
36.553096 0.077203
36.630299 0.011871
36.642170 0.034736
36.676906 0.094164
36.771069 0.107555
36.878624 0.089949
36.968573 0.098299
37.066872 0.096786
37.163658 0.110430
37.274089 0.094207
37.368295 0.148638
37.516934 0.047158
37.564092 0.112356
37.676448 0.088211
37.764659 0.099090
37.863749 0.099482
37.963231 0.099892
38.063123 0.104460
38.167583 0.096594
38.264177 0.101998
38.366174 0.097079
38.463253 0.100457
38.563710 0.099781
38.663491 0.099521
38.763012 0.100410
38.863422 0.103683
38.967105 0.096611
39.063716 0.100660
39.164376 0.099172
39.263549 0.100245
39.363794 0.099637
39.463431 0.099860
39.563292 0.099987
39.663279 0.100076
39.763355 0.101105
39.864460 0.109592
39.974052 0.103017
40.077069 0.090281
40.167350 0.096481
40.263831 0.099132
40.362963 0.103290
40.466254 0.096841
40.563094 0.102738
40.665833 0.097441
40.763274 0.108292
40.871566 0.094583
40.966149 0.097720
41.063868 0.099213
41.163082 0.101552
41.264634 0.104922
41.369556 0.093805
41.463361 0.099770
41.563132 0.104581
41.667713 0.105516
41.773229 0.125432
41.898661 0.077643
41.976304 0.122374
42.098678 0.098363
42.197041 0.068993
42.266034 0.099315
42.365349 0.098232
42.463581 0.103849
42.567430 0.096077
42.663507 0.103889
42.767396 0.097115
42.864511 0.099326
42.963837 0.099605
43.063442 0.104599
43.168041 0.096662
43.264703 0.103047
43.367750 0.098132
43.465882 0.099932
43.565814 0.097347
43.663161 0.101534
43.764696 0.098625
43.863320 0.104877
43.968198 0.095382
44.063580 0.100904
44.164484 0.101451
44.265935 0.099548
44.365483 0.098673
44.464156 0.099725
44.563881 0.103482
44.667364 0.097023
44.764387 0.102665
44.867052 0.097065
44.964116 0.107678
45.071794 0.092846
45.164641 0.104579
45.269220 0.094392
45.363611 0.100858
45.464469 0.098990
45.563460 0.100115
45.663575 0.102107
45.765682 0.097905
45.863587 0.103488
45.967075 0.096899
46.063974 0.100161
46.164135 0.099635
46.263770 0.126132
46.389902 0.085325
46.475227 0.091815
46.567042 0.112568
46.679610 0.090013
46.769622 0.117732
46.887354 0.085395
46.972750 0.107291
47.080041 0.094455
47.174496 0.090443
47.264939 0.100036
47.364975 0.100687
47.465661 0.103544
47.569205 0.094476
47.663681 0.103196
47.766876 0.110150
47.877026 0.086747
47.963773 0.126021
48.089794 0.119521
48.209315 0.054516
48.263832 0.099726
48.363557 0.104456
