0.000000 0.000000
8.738430 0.501981
9.240411 0.305945
9.546356 0.202461
9.748817 0.025129
9.773947 0.090212
9.864158 0.046707
9.910865 0.031008
9.941873 0.087615
10.029488 0.090638
10.120127 0.093551
10.213677 0.005610
10.219288 0.087496
10.306784 0.100903
10.407687 0.099947
10.507635 0.101435
10.609069 0.097366
10.706435 0.099905
10.806340 0.099521
10.905860 0.104732
11.010593 0.096383
11.106975 0.106721
11.213696 0.091786
11.305482 0.102393
11.407875 0.099391
11.507266 0.100435
11.607701 0.098362
11.706063 0.101723
11.807786 0.136139
11.943925 0.062294
12.006219 0.103172
12.109390 0.098441
12.207831 0.100508
12.308339 0.098436
12.406775 0.099266
12.506041 0.100406
12.606448 0.102468
12.708916 0.096968
12.805883 0.102790
12.908674 0.098762
13.007436 0.101395
13.108831 0.101792
13.210623 0.097379
13.308003 0.098750
13.406753 0.099220
13.505972 0.105532
13.611505 0.095813
13.707317 0.102196
13.809513 0.097044
13.906557 0.099532
14.006089 0.100954
14.107043 0.102678
14.209721 0.096366
14.306087 0.106415
14.412502 0.094213
14.506715 0.105234
14.611950 0.095094
14.707043 0.108611
14.815654 0.130751
14.946405 0.062142
15.008546 0.097976
15.106523 0.105847
15.212370 0.093775
15.306144 0.100253
15.406397 0.100808
15.507205 0.100517
15.607721 0.098611
15.706332 0.100444
15.806776 0.112809
15.919585 0.088336
16.007921 0.104674
16.112595 0.094945
16.207540 0.098686
16.306226 0.101244
16.407470 0.214654
16.622125 0.023090
16.645215 0.066097
16.711312 0.096011
16.807323 0.099015
16.906338 0.099975
17.006314 0.103648
17.109962 0.104676
17.214638 0.091947
17.306585 0.099881
17.406466 0.101661
17.508127 0.098770
17.606897 0.101498
17.708395 0.098753
17.807148 0.101874
17.909022 0.103952
18.012975 0.100278
18.113253 0.093086
18.206339 0.105221
18.311560 0.101090
18.412650 0.098310
18.510959 0.116986
18.627945 0.079842
18.707787 0.100916
18.808703 0.097714
18.906417 0.102183
19.008599 0.099216
19.107816 0.101620
19.209435 0.096796
19.306231 0.110451
19.416682 0.090842
19.507524 0.104811
19.612335 0.095052
19.707387 0.118151
19.825537 0.087899
19.913436 0.118762
20.032199 0.109936
20.142135 0.075717
20.217852 0.091703
20.309555 0.111144
20.420699 0.099104
20.519803 0.088336
20.608139 0.101291
20.709430 0.097206
20.806636 0.108410
20.915046 0.092666
21.007712 0.104452
21.112163 0.094410
21.206574 0.105615
21.312189 0.094796
21.406984 0.099527
21.506511 0.103353
21.609864 0.097928
21.707792 0.112663
21.820455 0.119598
21.940053 0.093352
22.033405 0.074469
22.107874 0.101566
22.209440 0.098923
22.308363 0.104357
22.412720 0.103074
22.515793 0.100983
22.616776 0.094845
22.711621 0.112953
22.824575 0.103584
22.928159 0.087955
23.016113 0.091077
23.107190 0.101722
23.208913 0.101664
23.310577 0.096079
23.406656 0.100196
23.506853 0.103100
23.609953 0.114743
23.724696 0.123614
23.848310 0.160760
24.009070 0.013307
24.022377 0.085163
24.107541 0.125630
24.233171 0.087266
24.320437 0.094814
24.415251 0.094778
24.510029 0.097881
24.607910 0.102723
24.710634 0.100680
24.811314 0.096913
24.908227 0.099095
25.007322 0.101781
25.109103 0.097477
25.206579 0.108944
25.315524 0.103399
25.418923 0.121138
25.540061 0.095722
25.635783 0.085206
25.720989 0.096531
25.817520 0.095485
25.913005 0.096810
26.009815 0.099325
26.109140 0.100315
26.209454 0.102635
26.312090 0.095439
26.407529 0.167332
26.574860 0.048877
26.623737 0.091209
26.714946 0.093711
26.808657 0.126843
26.935500 0.096559
27.032058 0.089088
27.121146 0.108387
27.229533 0.095002
27.324535 0.312861
27.637396 0.014218
27.651614 0.000455
27.652070 0.200428
27.852498 0.440621
28.293119 0.160780
28.453899 0.136550
28.590449 0.000952
28.591401 0.006172
28.597572 0.000571
28.598144 0.013706
28.611849 0.009858
28.621708 0.000877
28.622584 0.000717
28.623302 0.000711
28.624013 0.000459
28.624472 0.144453
28.768924 0.070261
28.839186 0.076792
28.915978 0.091189
29.007167 0.099962
29.107129 0.101043
29.208171 0.110059
29.318230 0.092746
29.410976 0.098427
29.509403 0.097496
29.606898 0.101648
29.708547 0.098600
29.807147 0.125922
29.933069 0.074932
30.008001 0.100268
30.108269 0.115499
30.223768 0.084581
30.308350 0.102278
30.410628 0.098136
30.508764 0.101584
30.610348 0.098288
30.708636 0.100806
30.809441 0.098667
30.908108 0.099070
31.007178 0.104544
31.111722 0.108849
31.220572 0.090244
31.310816 0.096868
31.407684 0.105241
31.512925 0.096770
31.609694 0.097863
31.707557 0.100597
31.808154 0.109554
31.917708 0.091261
32.008969 0.100587
32.109555 0.102699
32.212255 0.102196
32.314450 0.094943
32.409394 0.098175
32.507569 0.101298
32.608866 0.098543
32.707410 0.163202
32.870612 0.088482
32.959094 0.112094
33.071188 0.041154
33.112342 0.099885
33.212227 0.094990
33.307217 0.111624
33.418840 0.091151
33.509991 0.099263
33.609254 0.100277
33.709531 0.102093
33.811625 0.105332
33.916956 0.090760
34.007717 0.101721
34.109438 0.097718
34.207155 0.105745
34.312900 0.095027
34.407927 0.099763
34.507690 0.104025
34.611715 0.096487
34.708202 0.106069
34.814271 0.093207
34.907478 0.167309
35.074787 0.043998
35.118784 0.093636
35.212420 0.126784
35.339205 0.078123
35.417328 0.100978
35.518306 0.096377
35.614682 0.093016
35.707698 0.115058
35.822756 0.087572
35.910328 0.097158
36.007487 0.126656
36.134143 0.076381
36.210524 0.100573
36.311097 0.096668
36.407766 0.103152
36.510918 0.115703
36.626621 0.115151
36.741771 0.066969
36.808740 0.108714
36.917454 0.091384
37.008838 0.099434
37.108272 0.105144
37.213417 0.096198
37.309615 0.099640
37.409255 0.098749
37.508005 0.102986
37.610991 0.129261
37.740252 0.088337
37.828589 0.079650
37.908238 0.105974
38.014212 0.095733
38.109945 0.177644
38.287590 0.077254
38.364843 0.045003
38.409846 0.098786
38.508632 0.099367
38.607999 0.103321
38.711320 0.103198
38.814518 0.103481
38.917999 0.089929
39.007928 0.103842
39.111770 0.114149
39.225919 0.085851
39.311771 0.096356
39.408127 0.106553
39.514680 0.115908
39.630588 0.126345
39.756932 0.105721
39.862653 0.093285
39.955938 0.105831
40.061770 0.095951
40.157721 0.079088
40.236809 0.071179
40.307987 0.101515
40.409503 0.104388
40.513890 0.095198
40.609089 0.102579
40.711667 0.101032
40.812699 0.095565
40.908264 0.103637
41.011901 0.098088
41.109988 0.101916
41.211904 0.096350
41.308254 0.109653
41.417907 0.092096
41.510003 0.128112
41.638115 0.097510
41.735625 0.079620
41.815245 0.101828
41.917072 0.103901
42.020973 0.088920
42.109893 0.102045
42.211938 0.103583
42.315522 0.094826
42.410348 0.141253
42.551601 0.058993
42.610594 0.098421
42.709015 0.119198
42.828213 0.080777
42.908990 0.101181
43.010171 0.100596
43.110767 0.099822
43.210589 0.097420
43.308009 0.101946
43.409955 0.115279
43.525234 0.090344
43.615578 0.096315
43.711893 0.100934
43.812827 0.097204
43.910031 0.098328
44.008359 0.103107
44.111466 0.101824
44.213290 0.102898
44.316188 0.092175
44.408363 0.101768
44.510131 0.102211
44.612342 0.102623
44.714965 0.094133
44.809098 0.104994
44.914092 0.095315
45.009407 0.101582
45.110989 0.102426
45.213415 0.101760
45.315175 0.099526
45.414701 0.108109
45.522810 0.089168
45.611978 0.098428
45.710406 0.097874
45.808280 0.099719
45.907999 0.100325
46.008324 0.102269
46.110593 0.121986
46.232579 0.116572
46.349151 0.068305
46.417456 0.092274
46.509730 0.098470
46.608199 0.101510
46.709709 0.104486
46.814195 0.096046
46.910241 0.098155
47.008396 0.103545
47.111941 0.098539
47.210480 0.104836
47.315316 0.095223
47.410539 0.109061
47.519600 0.091895
47.611495 0.096652
47.708147 0.100172
47.808319 0.100042
47.908361 0.103019
48.011381 0.111908
48.123289 0.092651
48.215941 10.807574
